389 402 401 388 400 358 359 380 360 361 362 103 72 60 40 37 35 33 330 329 342 341 328 340 298 299 320 300 301 302 343 344 345 321 303 322 346 347 348 331 323 304 332 305 306 333 307 308 106 108 130 107 131 109 133 135 111 132 110 134 112 136 113 137 115 139 117 138 114 116 140 118 119 141 143 145 121 142 120 144 122 124 146 123 147 125 149 151 127 148 126 150 128 152 129 153 23 29 30 14 15 11 9 27 17 12 3 4 2 13 20 28 31 21 6 5 7 16 10 19 18 26 24 32 25 22 8 1 349 309 310 324 334 350 351 335 311 312 336 313 352 353 354 325 314 326 355 356 357 337 327 315 338 316 317 339 318 319 154 155 178 156 180 158 182 160 184 162 186 164 188 166 190 168 192 170 194 172 196 174 198 176 200 201 177 199 175 197 173 195 171 193 169 191 167 189 165 187 163 185 161 183 159 181 157 179 34 36 38 41 43 48 50 54 55 57 52 51 49 46 44 47 45 42 39 53 56 59 58 62 65 69 93 89 90 94 87 73 77 82 83 78 91 95 84 88 96 97 70 66 63 67 64 74 85 79 86 80 75 61 71 68 76 81 92 99 101 98 100 102 104 105 369 370 384 371 372 373 385 374 386 387 375 376 377 378 379 250 274 252 276 254 278 256 280 258 282 260 284 262 286 264 288 266 290 268 292 270 294 272 296 297 273 295 271 293 269 291 267 289 265 287 263 285 261 283 259 281 257 279 255 277 253 275 251 399 398 397 417 416 415 414 413 412 396 395 411 410 394 409 249 247 225 248 224 246 222 244 223 245 221 243 241 219 242 220 218 240 216 238 217 239 215 214 236 212 210 234 213 237 235 211 233 209 232 208 230 206 228 207 231 229 205 227 203 226 204 202 368 367 393 366 365 392 364 383 391 408 407 406 382 363 381 405 404 403 390

Best FO
11914.31

Best RPD
0.45

Time to best FO
53.8

Total Time
154.53