134 106 90 49 6 63 113 47 131 93 28 130 1 92 8 42 122 80 31 89 138 133 148 142 105 67 108 58 61 81 25 125 51 87 145 140 135 85 68 73 69 64 40 54 2 144 114 44 50 116 82 126 95 13 76 33 146 103 147 37 5 52 78 96 39 101 121 30 107 112 132 29 46 3 14 48 100 71 41 136 128 43 123 115 120 149 55 83 34 117 9 7 57 20 12 27 86 35 150 62 60 77 110 23 98 91 45 109 32 11 15 17 141 59 127 74 21 72 10 84 36 99 102 111 104 38 24 18 79 137 88 16 94 22 70 66 129 26 124 118 65 4 119 143 56 139 97 75 19 53

Best FO
26524.86

Best RPD
0.0

Time to best FO
1.53

Total Time
20.34