78 82 7 26 61 132 32 117 24 137 125 46 142 29 18 49 12 40 53 1 85 27 15 13 79 110 20 64 42 55 67 47 31 147 65 130 107 115 77 80 104 149 6 54 134 75 22 112 8 106 17 25 90 34 58 88 148 98 109 145 114 108 113 138 62 83 126 72 124 71 38 39 28 101 56 119 5 43 86 133 50 95 91 123 94 129 131 139 121 76 111 70 102 23 35 2 68 30 21 122 89 41 59 118 73 3 69 140 60 116 4 143 93 105 19 92 10 99 141 14 36 57 74 100 33 45 81 136 97 144 96 87 150 52 11 84 128 103 48 66 44 63 51 127 146 135 16 120 37 9

Best FO
26127.71

Best RPD
-0.01

Time to best FO
1.94

Total Time
20.02