21 103 15 11 10 7 6 2 1 3 8 9 5 4 106 107 111 112 115 116 13 14 120 117 108 113 114 122 121 123 130 131 124 129 132 138 133 128 125 208 126 127 134 135 136 137 34 35 39 38 145 209 141 142 147 146 148 151 157 158 163 162 159 156 152 149 150 154 153 155 160 161 210 164 60 61 66 65 172 173 176 183 187 188 190 189 191 184 182 177 169 178 181 185 186 180 179 174 175 167 168 171 170 166 165 269 315 266 265 260 258 259 255 254 257 261 264 267 268 263 262 256 253 251 252 247 246 314 250 143 144 140 139 242 241 240 239 232 231 313 225 119 118 221 220 217 216 110 109 212 211 213 222 230 233 238 243 237 234 229 236 235 228 226 227 218 219 215 214 223 224 244 245 248 249 318 270 271 275 276 297 298 304 305 310 309 308 303 299 300 291 285 284 279 280 273 272 274 283 286 290 296 289 287 282 277 278 281 288 292 293 294 295 192 193 301 302 306 307 311 312 205 199 200 204 203 195 194 198 201 202 206 207 100 95 94 197 196 87 88 90 89 99 98 93 102 101 97 96 92 91 85 84 83 82 78 71 68 67 64 72 77 79 86 80 76 73 81 75 74 69 70 63 62 105 59 56 55 50 48 45 49 317 316 40 104 44 47 51 54 57 58 53 52 46 43 41 42 37 36 26 25 18 17 16 27 24 19 12 20 23 28 33 32 31 30 29 22

Best FO
42392.57

Best RPD
0.87

Time to best FO
26.05

Total Time
88.99