375 79 349 313 162 259 229 175 319 210 204 192 180 296 152 83 50 394 18 305 233 182 217 365 399 338 193 149 91 335 8 145 181 44 128 38 239 249 133 352 112 264 109 246 40 168 55 380 97 219 74 140 188 267 172 134 364 70 81 241 94 235 333 61 324 177 144 198 78 208 277 322 351 374 292 325 302 86 372 283 183 46 138 150 294 171 105 33 194 303 334 310 355 248 318 170 218 27 126 131 376 43 12 321 63 297 176 221 262 388 223 250 269 28 378 37 75 220 231 291 370 143 99 104 111 386 270 82 326 106 274 20 368 166 371 147 290 367 22 257 66 215 227 57 179 96 103 108 354 360 299 385 139 2 122 209 265 382 73 212 5 281 226 228 80 337 377 260 280 141 14 52 353 125 31 242 10 189 146 373 393 16 361 207 3 93 135 266 255 330 387 195 314 116 390 272 332 132 11 100 363 245 224 59 32 362 254 62 329 345 60 148 293 110 344 327 158 307 130 311 251 276 397 320 68 396 101 350 113 142 23 191 124 48 253 47 123 206 35 271 72 323 279 154 184 36 119 379 346 230 213 342 49 58 136 6 151 288 98 240 384 298 42 391 301 15 21 118 196 107 160 64 7 341 316 69 76 30 137 300 339 157 92 358 203 275 273 56 9 201 1 4 169 256 45 161 34 295 39 304 115 222 247 120 129 336 216 285 214 202 282 117 26 328 167 164 173 13 19 24 306 89 268 317 186 17 67 205 155 357 211 284 77 199 234 395 54 400 289 348 278 87 312 187 243 356 389 331 200 174 25 163 29 197 369 95 53 398 190 308 159 85 359 156 366 65 84 381 340 153 185 127 71 41 343 114 392 287 315 225 261 102 383 232 90 165 238 51 252 88 244 263 236 309 178 347 286 258 237 121

Best FO
15335.39

Best RPD
0.36

Time to best FO
47.27

Total Time
143.98